      0/99     1.82G   0.07845   0.02186   0.04115    0.1415        67       416         0         0         0         0   0.07204   0.02376   0.04048
      1/99      1.8G   0.08903   0.02428   0.04559    0.1589        79       416         0         0         0         0   0.06869   0.02538    0.0404
      2/99      1.8G   0.07498    0.0232   0.04087     0.139        49       416         0         0         0         0   0.06667    0.0263   0.04031
      3/99      1.8G   0.07914   0.02557   0.04321    0.1479        62       416         0         0         0         0   0.06543    0.0268   0.04022
      4/99      1.8G   0.07395   0.02674   0.04035     0.141        85       416         0         0         0         0   0.06471   0.02701   0.04013
      5/99      1.8G   0.07288    0.0243    0.0404    0.1376        65       416         0         0         0         0   0.06424   0.02708   0.04004
      6/99      1.8G   0.07762   0.02571   0.04264     0.146        60       416         0         0         0         0   0.06382   0.02712   0.03995
      7/99      1.8G   0.07259   0.02614   0.03994    0.1387        67       416         0         0         0         0   0.06343   0.02714   0.03986
      8/99      1.8G   0.07203   0.02555   0.03994    0.1375        69       416         0         0         0         0   0.06313   0.02713   0.03976
      9/99      1.8G   0.07688   0.02683   0.04201    0.1457        60       416         0         0         0         0   0.06295    0.0271   0.03967
     10/99      1.8G   0.07634   0.02454    0.0419    0.1428        53       416         0         0         0         0   0.06283   0.02706   0.03958
     11/99      1.8G   0.07592   0.02469     0.042    0.1426        73       416         0         0         0         0   0.06273   0.02703   0.03951
     12/99      1.8G   0.07073   0.02565   0.03944    0.1358        65       416         0         0         0         0   0.06262   0.02699   0.03943
     13/99      1.8G   0.07041   0.02359    0.0394    0.1334        56       416         0         0         0         0   0.06256   0.02697   0.03933
     14/99      1.8G   0.06956     0.025   0.03933    0.1339        60       416         0         0         0         0   0.06253   0.02692   0.03924
     15/99      1.8G   0.08249   0.02419   0.04442    0.1511        53       416         0         0         0         0   0.06258   0.02681   0.03915
     16/99      1.8G   0.07553   0.02531    0.0417    0.1425        67       416         0         0         0         0   0.06262    0.0267   0.03907
     17/99      1.8G   0.07655   0.02493   0.04152     0.143        87       416         0         0         0         0   0.06269    0.0266   0.03901
     18/99      1.8G   0.08065   0.02716   0.04371    0.1515        71       416         0         0         0         0   0.06281   0.02647   0.03894
     19/99      1.8G     0.075   0.02572    0.0413     0.142        70       416         0         0         0         0   0.06297   0.02624    0.0389
     20/99      1.8G   0.07537   0.02463   0.04114    0.1411        82       416         0         0         0         0   0.06366    0.0258   0.03881
     21/99      1.8G   0.08043   0.02568   0.04323    0.1493        70       416         0         0         0         0    0.0775    0.0185   0.04062
     22/99      1.8G   0.07158    0.0238   0.03848    0.1339        69       416         0         0         0         0   0.07427    0.0201   0.03964
     23/99      1.8G   0.07933   0.02367   0.04336    0.1464        74       416         0         0         0         0   0.07003   0.02224   0.03868
     24/99      1.8G   0.08108   0.02761   0.04247    0.1512        95       416         0         0         0         0   0.06509   0.02492   0.03848
     25/99      1.8G   0.08011   0.02516   0.04212    0.1474        51       416         0         0         0         0   0.06275   0.02632   0.03858
     26/99      1.8G   0.07093   0.02479   0.03837    0.1341        85       416         0         0         0         0   0.06285   0.02619    0.0385
     27/99      1.8G   0.07144   0.02577   0.03827    0.1355        90       416         0         0         0         0   0.06266   0.02615   0.03837
     28/99      1.8G   0.06935   0.02541   0.03844    0.1332        62       416         0         0         0         0   0.06248   0.02619   0.03831
     29/99      1.8G   0.07978   0.02581   0.04207    0.1477        64       416         0         0         0         0   0.06271     0.026   0.03827
     30/99      1.8G   0.06974   0.02465   0.03807    0.1325        97       416         0         0         0         0   0.06305    0.0257   0.03816
     31/99      1.8G   0.07057   0.02533    0.0384    0.1343       104       416         0         0         0         0    0.0629   0.02576   0.03819
     32/99      1.8G   0.07037   0.02514   0.03814    0.1336        76       416         0         0         0         0   0.06296   0.02555   0.03815
     33/99      1.8G   0.07873   0.02358   0.04144    0.1437        61       416         0         0         0         0   0.06415   0.02476   0.03804
     34/99      1.8G   0.06906   0.02609   0.03814    0.1333        64       416         0         0         0         0   0.06441   0.02465   0.03809
     35/99      1.8G   0.07509   0.02605   0.03989     0.141        68       416         0         0         0         0   0.06254   0.02592   0.03806
     36/99      1.8G   0.07472   0.02629   0.04044    0.1415        80       416         0         0         0         0   0.06225   0.02609   0.03805
     37/99      1.8G   0.07304   0.02654   0.03953    0.1391        60       416         0         0         0         0   0.06229   0.02603   0.03802
     38/99      1.8G   0.07429   0.02562   0.03933    0.1392        86       416         0         0         0         0   0.06233   0.02598     0.038
     39/99      1.8G   0.07903   0.02496   0.04089    0.1449        61       416         0         0         0         0   0.06221   0.02602   0.03796
     40/99      1.8G    0.0684   0.02469   0.03769    0.1308        60       416         0         0         0         0   0.06219   0.02595   0.03788
     41/99      1.8G   0.06892   0.02411   0.03746    0.1305        63       416         0         0         0         0   0.06208     0.026   0.03784
     42/99      1.8G   0.07323   0.02425   0.04056     0.138        71       416         0         0         0         0   0.06189   0.02611   0.03776
     43/99      1.8G   0.07838   0.02591   0.04186    0.1461        75       416         0         0         0         0   0.06236   0.02581   0.03777
     44/99      1.8G   0.06834   0.02415    0.0376    0.1301        68       416         0         0         0         0   0.06548   0.02362   0.03784
     45/99      1.8G   0.07916   0.02423   0.04073    0.1441        63       416         0         0         0         0   0.06993   0.02105   0.03827
     46/99      1.8G    0.0682   0.02501   0.03769    0.1309        63       416   7.3e-05   0.00463 5.407e-06 1.081e-06   0.07011   0.02111   0.03847
     47/99      1.8G   0.07437   0.02569   0.03998      0.14        96       416         0         0         0         0   0.06495   0.02377   0.03795
     48/99      1.8G   0.07417   0.02595   0.03887     0.139        96       416         0         0         0         0   0.06252   0.02531   0.03761
     49/99      1.8G   0.06718   0.02599   0.03735    0.1305        81       416         0         0         0         0   0.06177   0.02574    0.0376
     50/99      1.8G   0.07323   0.02541   0.03996    0.1386        52       416         0         0         0         0   0.06166   0.02569    0.0375
     51/99      1.8G    0.0735   0.02724   0.03866    0.1394        70       416         0         0         0         0   0.06092   0.02603   0.03748
     52/99      1.8G   0.08312   0.02671   0.04296    0.1528        72       416         0         0         0         0   0.06078     0.026   0.03733
     53/99      1.8G   0.06717   0.02661    0.0374    0.1312        54       416         0         0         0         0   0.06082   0.02608   0.03731
     54/99      1.8G   0.07195   0.02764   0.04007    0.1397        88       416         0         0         0         0   0.05995   0.02639   0.03725
     55/99      1.8G   0.07095    0.0271   0.03815    0.1362        63       416         0         0         0         0   0.05926   0.02661    0.0372
     56/99      1.8G   0.06633   0.02652   0.03726    0.1301        68       416         0         0         0         0    0.0587   0.02666   0.03722
     57/99      1.8G   0.07619   0.02912   0.03979    0.1451       114       416         0         0         0         0    0.0588   0.02649    0.0372
     58/99      1.8G   0.07038   0.02623   0.03972    0.1363        73       416   0.00711   0.03553  0.002075 0.0004136    0.0568   0.02751   0.03711
     59/99      1.8G   0.07537   0.02515   0.04203    0.1426        56       416  0.001618   0.04675 0.0002654  6.36e-05   0.05757   0.02685   0.03713
     60/99      1.8G   0.06817   0.02708   0.03815    0.1334        72       416  0.002494   0.04212 0.0003751  7.65e-05   0.05672   0.02711   0.03713
     61/99      1.8G   0.07038   0.02819   0.03813    0.1367        72       416  0.003286   0.07744 0.0009031 0.0001282   0.05895   0.02592   0.03712
     62/99      1.8G   0.06765   0.02938    0.0382    0.1352        77       416  0.006697    0.1906  0.006085  0.001032   0.05485   0.02754   0.03691
     63/99      1.8G   0.06776   0.02785   0.03886    0.1345        72       416   0.01013     0.088  0.006991  0.001197   0.05746   0.02611   0.03708
     64/99      1.8G   0.06996   0.02693   0.03956    0.1365        63       416  0.004635    0.1163  0.003928 0.0007002   0.05902   0.02518    0.0374
     65/99      1.8G   0.06165    0.0268   0.03665    0.1251        65       416  0.006296   0.07971  0.004757  0.000909   0.05572   0.02641   0.03711
     66/99      1.8G   0.06823   0.02611   0.04045    0.1348        68       416   0.02556   0.05489   0.01978  0.003035   0.05333   0.02716   0.03693
     67/99      1.8G   0.06337   0.02959   0.03834    0.1313        89       416  0.004755   0.06868  0.003393 0.0006029   0.05691   0.02544   0.03696
     68/99      1.8G   0.06568   0.02857   0.03786    0.1321        45       416   0.02376   0.03638   0.01455  0.002833   0.05433   0.02609   0.03663
     69/99      1.8G   0.05897   0.02835   0.03671     0.124        55       416  0.002821    0.1129  0.002426 0.0003981    0.0572    0.0247   0.03707
     70/99      1.8G   0.05812   0.02883    0.0364    0.1233        82       416  0.003135    0.2004  0.002295 0.0003964   0.05723   0.02464   0.03718
     71/99      1.8G   0.06211   0.02626   0.03901    0.1274        66       416   0.01363   0.06074   0.01022  0.001468   0.05418   0.02554   0.03675
     72/99      1.8G   0.05718   0.02821   0.03656     0.122        68       416    0.2876   0.05148   0.03603  0.008152    0.0514   0.02608   0.03652
     73/99      1.8G   0.06558   0.02684   0.03811    0.1305        84       416    0.1684   0.08984   0.04733   0.01073   0.05092   0.02584   0.03632
     74/99      1.8G   0.05671   0.02657   0.03657    0.1198        80       416    0.1625   0.04034   0.02393  0.004549   0.05316   0.02469   0.03653
     75/99      1.8G   0.05538   0.02805    0.0366      0.12        76       416   0.02241   0.07058   0.02149  0.004187   0.05247    0.0245    0.0365
     76/99      1.8G   0.06462     0.028   0.04049    0.1331        88       416   0.00129   0.05553   0.00027  3.76e-05    0.0628   0.02297   0.03785
     77/99      1.8G   0.06648   0.02783    0.0395    0.1338        73       416   0.04064    0.0991   0.05385  0.009776   0.05193   0.02504    0.0365
     78/99      1.8G   0.05997   0.02673   0.03684    0.1235        71       416    0.3148   0.03717   0.02294  0.008179   0.05457   0.02519    0.0371
     79/99      1.8G   0.05937   0.02678   0.03756    0.1237        78       416   0.06389    0.2305   0.07215   0.01432    0.0479   0.02424   0.03667
     80/99      1.8G   0.05997   0.02553   0.03737    0.1229        71       416    0.1741    0.2065    0.0524  0.009992   0.04984    0.0242   0.03676
     81/99      1.8G   0.06368   0.02609   0.03842    0.1282        77       416   0.05115    0.2223   0.06136   0.01208   0.04738   0.02385   0.03638
     82/99      1.8G   0.05391   0.02599   0.03623    0.1161        74       416   0.05518    0.2154   0.05751   0.01116   0.04793   0.02329   0.03633
     83/99      1.8G   0.05188   0.02587   0.03617    0.1139        79       416   0.04875    0.1903   0.05032   0.01324   0.04904   0.02331   0.03658
     84/99      1.8G   0.05857   0.02498   0.03847     0.122        74       416 0.0003761   0.02222 8.425e-05 2.132e-05   0.06511   0.02098   0.03694
     85/99      1.8G    0.0521   0.02356   0.03603    0.1117        60       416   0.01678    0.1194   0.01054  0.002499   0.05786   0.02147   0.03698
     86/99      1.8G    0.0594   0.02379   0.04214    0.1253        63       416   0.03638    0.2309   0.03888   0.01191   0.04994   0.02281   0.03667
     87/99      1.8G   0.06157   0.02452   0.03938    0.1255        84       416  0.005291   0.02278   0.00124 0.0002777   0.06088   0.02293   0.03745
     88/99      1.8G   0.05011   0.02381    0.0366    0.1105        80       416   0.06121    0.2745   0.05799   0.01243   0.04531   0.02274   0.03647
     89/99      1.8G   0.05365   0.02476   0.03697    0.1154        81       416    0.4455    0.1411   0.07804   0.02434    0.0455   0.02335   0.03624
     90/99      1.8G   0.05144   0.02426   0.03638    0.1121        73       416    0.4849    0.1366   0.08636   0.02371    0.0449   0.02362   0.03622
     91/99      1.8G   0.04776   0.02324   0.03693    0.1079        80       416    0.7319    0.1492   0.09494   0.02239   0.04393   0.02133   0.03647
     92/99      1.8G   0.05264     0.021   0.03659    0.1102        68       416    0.7589    0.1223    0.1197   0.02997   0.04421    0.0222   0.03651
     93/99      1.8G   0.04793   0.02435    0.0364    0.1087        91       416    0.7753    0.1397    0.1395   0.03291   0.04245   0.02228   0.03649
     94/99      1.8G   0.05908   0.02353    0.0412    0.1238        71       416   0.03108    0.2696   0.03003  0.005701   0.05043   0.02587   0.03617
     95/99      1.8G   0.04835    0.0228    0.0356    0.1067        59       416    0.6234    0.1572   0.09389   0.01996   0.04359   0.02414   0.03633
     96/99      1.8G   0.05224   0.02416   0.03704    0.1134        77       416   0.07378     0.304   0.09343   0.02275   0.04463   0.02913   0.03676
     97/99      1.8G   0.05661    0.0217   0.03793    0.1162        73       416    0.2109    0.2694    0.0928   0.02246   0.04292   0.02237   0.03678
     98/99      1.8G   0.04695   0.02171   0.03569    0.1043        53       416   0.06444    0.2636   0.06607   0.01426   0.04613    0.0246   0.03651
     99/99      1.8G   0.05192    0.0225   0.03618    0.1106        65       416    0.7681     0.102    0.1309    0.0306   0.04197   0.02151   0.03619
